1 114 1
1 128 1
1 414 1
1 467 1
1 490 1
1 634 1
1 672 1
1 732 1
1 867 1
1 1015 1
1 1039 1
1 1130 1
1 1135 1
1 1136 1
1 1210 1
1 1241 1
1 1386 1
1 1636 1
1 1778 1
1 1836 1
1 1857 1
1 1883 1
1 2176 1
1 2207 1
1 2223 1
1 2285 1
1 2360 1
1 2559 1
1 2604 1
1 2710 1
1 3231 2
1 3285 1
2 1 1
2 3 2
2 17 1
2 67 1
2 103 1
2 201 1
2 205 1
2 268 1
2 296 1
2 503 1
2 523 1
2 568 3
2 717 1
2 722 1
2 742 1
2 763 1
2 813 1
2 893 1
2 990 1
2 1071 1
2 1279 1
2 1343 2
2 1449 1
2 1652 1
2 1696 1
2 1769 1
2 1776 1
2 1777 1
2 1778 1
2 1827 1
2 1839 1
2 1923 1
2 1984 1
2 2008 1
2 2014 1
2 2015 1
2 2149 1
2 2154 1
2 2157 1
2 2194 1
2 2198 1
2 2199 1
2 2214 1
2 2336 1
2 2523 1
2 2525 1
2 2701 1
2 2708 1
2 2874 1
2 2881 1
2 2977 1
2 3141 2
2 3142 1
2 3214 1
2 3269 1
2 3276 1
2 3277 1
2 3298 1
3 16 1
3 41 1
3 46 1
3 69 1
3 74 1
3 81 1
3 139 1
3 140 1
3 186 1
3 193 1
3 203 1
3 229 1
3 237 1
3 262 1
3 263 1
3 270 1
3 284 2
3 302 1
3 338 1
3 364 1
3 452 1
3 505 2
3 506 1
3 517 1
3 522 1
3 535 1
3 546 1
3 583 1
3 606 1
3 636 1
3 679 1
3 683 1
3 714 1
3 734 1
3 781 1
3 834 1
3 856 5
3 858 1
3 867 2
3 874 2
3 903 1
3 914 1
3 918 1
3 919 2
3 932 1
3 933 1
3 954 1
3 990 1
3 1032 1
3 1057 1
3 1081 1
3 1137 1
3 1143 1
3 1151 1
3 1160 1
3 1191 1
3 1207 1
3 1213 1
3 1255 1
3 1260 4
3 1350 1
3 1362 1
3 1388 1
3 1418 1
3 1466 1
3 1485 1
3 1548 1
3 1580 1
3 1658 1
3 1671 1
3 1675 1
3 1683 1
3 1684 1
3 1685 1
3 1707 1
3 1709 1
3 1732 2
3 1818 1
3 1852 1
3 1890 1
3 1891 1
3 1899 1
3 1921 1
3 1929 1
3 1941 1
3 1944 1
3 1955 1
3 1960 1
3 1983 1
3 1991 1
3 2022 1
3 2074 1
3 2134 1
3 2147 1
3 2171 1
3 2182 2
3 2192 2
3 2255 1
3 2257 1
3 2294 1
3 2331 1
3 2334 1
3 2390 1
3 2398 1
3 2399 2
3 2404 1
3 2410 1
3 2411 1
3 2430 1
3 2446 1
3 2510 6
3 2515 1
3 2531 1
3 2547 1
3 2549 1
3 2559 2
3 2575 1
3 2601 2
3 2605 1
3 2630 1
3 2633 2
3 2658 1
3 2674 1
3 2689 1
3 2693 1
3 2704 1
3 2715 1
3 2745 1
3 2757 1
3 2758 1
3 2783 1
3 2791 1
3 2808 1
3 2810 1
3 2821 1
3 2834 1
3 2839 1
3 2848 1
3 2854 1
3 2952 1
3 2968 1
3 2991 1
3 3006 1
3 3039 1
3 3064 1
3 3072 1
3 3075 1
3 3080 1
3 3095 1
3 3102 1
3 3152 1
3 3167 1
3 3174 1
3 3187 1
3 3201 1
3 3215 1
3 3255 1
3 3258 1
3 3264 1
3 3270 1
4 6 1
4 60 1
4 224 1
4 235 1
4 256 4
4 257 1
4 258 1
4 273 1
4 342 1
4 362 1
4 407 1
4 464 3
4 600 1
4 614 1
4 703 1
4 704 1
4 731 1
4 733 1
4 836 1
4 963 1
4 965 1
4 997 1
4 1080 1
4 1090 1
4 1091 1
4 1093 1
4 1097 1
4 1126 1
4 1209 1
4 1215 1
4 1224 2
4 1257 1
4 1260 2
4 1262 2
4 1270 1
4 1296 1
4 1300 1
4 1328 1
4 1370 1
4 1408 1
4 1449 1
4 1461 1
4 1477 1
4 1497 1
4 1531 1
4 1566 1
4 1595 1
4 1614 1
4 1704 1
4 1724 1
4 1780 1
4 1805 1
4 1857 1
4 1886 1
4 1960 2
4 2009 1
4 2043 1
4 2091 1
4 2114 2
4 2185 1
4 2203 1
4 2230 1
4 2233 2
4 2291 1
4 2302 1
4 2376 1
4 2404 1
4 2453 1
4 2586 1
4 2604 1
4 2636 2
4 2643 1
4 2682 1
4 2720 5
4 2759 1
4 2768 2
4 2781 2
4 2802 2
4 2803 1
4 2834 1
4 2967 1
4 3038 1
4 3081 1
4 3083 1
4 3109 1
4 3151 1
4 3155 1
4 3228 1
4 3274 1
4 3306 2
5 27 1
5 63 1
5 93 4
5 94 1
5 102 1
5 137 1
5 274 1
5 324 1
5 349 2
5 367 1
5 371 1
5 388 2
5 463 1
5 471 1
5 589 1
5 604 1
5 615 1
5 620 1
5 649 1
5 706 1
5 789 1
5 861 1
5 877 1
5 916 1
5 955 1
5 1080 1
5 1107 1
5 1130 1
5 1136 1
5 1260 1
5 1286 1
5 1406 1
5 1442 1
5 1456 1
5 1496 1
5 1502 1
5 1534 1
5 1540 1
5 1541 1
5 1559 1
5 1618 3
5 1651 1
5 1711 1
5 1732 1
5 1754 1
5 1770 1
5 1789 1
5 1858 1
5 1868 2
5 1920 1
5 1960 3
5 1962 1
5 1964 2
5 2111 1
5 2114 1
5 2129 1
5 2139 1
5 2244 1
5 2258 1
5 2360 1
5 2364 1
5 2376 2
5 2382 1
5 2408 1
5 2418 1
5 2431 1
5 2474 1
5 2477 2
5 2520 1
5 2559 2
5 2621 1
5 2628 1
5 2663 1
5 2665 1
5 2667 1
5 2706 1
5 2708 1
5 2710 1
5 2740 1
5 2824 1
5 2825 1
5 2834 5
5 2837 3
5 2849 1
5 2851 1
5 2859 1
5 2881 1
5 2967 1
5 2970 1
5 3049 1
5 3096 1
5 3127 1
5 3202 1
5 3234 1
5 3263 1
5 3299 1
6 77 3
6 347 1
6 379 1
6 521 2
6 525 1
6 592 1
6 593 1
6 723 2
6 808 2
6 876 1
6 964 1
6 1016 1
6 1080 1
6 1123 1
6 1130 2
6 1176 1
6 1183 1
6 1209 1
6 1233 1
6 1260 1
6 1306 1
6 1409 1
6 1422 1
6 1428 1
6 1515 1
6 1564 1
6 1587 1
6 1607 1
6 1715 2
6 1732 1
6 1794 1
6 1896 1
6 2087 1
6 2155 1
6 2285 1
6 2487 1
6 2501 1
6 2560 1
6 2563 2
6 2809 1
6 2903 1
6 2916 1
6 3143 1
6 3144 1
6 3153 1
6 3198 1
6 3208 1
6 3292 2
6 3307 1
7 47 2
7 65 1
7 172 1
7 230 1
7 242 1
7 275 1
7 293 1
7 295 1
7 370 2
7 393 1
7 409 1
7 422 1
7 441 1
7 459 1
7 496 1
7 523 1
7 549 2
7 574 1
7 628 1
7 676 1
7 684 1
7 686 1
7 720 1
7 721 1
7 737 1
7 738 1
7 741 1
7 776 1
7 810 1
7 824 1
7 910 2
7 914 1
7 943 1
7 1089 1
7 1102 1
7 1111 1
7 1135 1
7 1157 1
7 1175 1
7 1193 1
7 1215 1
7 1233 1
7 1262 2
7 1311 2
7 1366 1
7 1414 1
7 1419 1
7 1432 1
7 1437 1
7 1470 1
7 1526 1
7 1533 1
7 1607 1
7 1639 1
7 1651 1
7 1727 1
7 1736 1
7 1738 2
7 1762 1
7 1804 1
7 1885 1
7 1896 1
7 1924 1
7 1943 1
7 1996 1
7 1997 1
7 2000 1
7 2032 1
7 2036 1
7 2073 1
7 2112 1
7 2147 1
7 2171 1
7 2202 1
7 2204 1
7 2219 1
7 2228 1
7 2252 1
7 2265 1
7 2267 1
7 2285 1
7 2288 2
7 2296 1
7 2306 1
7 2311 1
7 2320 1
7 2397 1
7 2410 1
7 2508 1
7 2518 1
7 2559 2
7 2583 1
7 2594 1
7 2618 1
7 2637 1
7 2640 1
7 2654 1
7 2672 2
7 2683 1
7 2721 1
7 2763 1
7 2784 1
7 2788 1
7 2795 1
7 2834 1
7 2861 1
7 2889 1
7 2902 1
7 2905 1
7 2928 1
7 2949 1
7 2982 2
7 2997 1
7 3008 1
7 3041 1
7 3125 1
7 3203 2
7 3216 1
7 3220 3
7 3239 1
7 3242 1
7 3276 1
7 3315 1
8 54 1
8 103 1
8 137 1
8 305 1
8 311 1
8 361 1
8 377 1
8 386 1
8 446 1
8 483 1
8 490 1
8 517 1
8 649 1
8 653 1
8 719 1
8 861 1
8 867 1
8 1107 1
8 1259 2
8 1297 1
8 1321 1
8 1340 1
8 1357 1
8 1397 2
8 1432 1
8 1434 2
8 1608 1
8 1716 1
8 1764 1
8 1777 2
8 1845 1
8 1859 1
8 1871 1
8 1960 4
8 1962 1
8 1976 1
8 2174 1
8 2195 1
8 2352 1
8 2367 1
8 2376 1
8 2385 2
8 2430 2
8 2457 1
8 2509 1
8 2592 1
8 2678 1
8 2702 1
8 2732 1
8 2796 1
8 2980 1
8 3006 1
8 3093 1
8 3112 1
8 3126 1
8 3247 1
9 439 1
9 631 1
9 685 1
9 1606 1
9 1741 1
9 1742 1
9 1823 1
9 1837 1
9 2065 1
9 2164 1
9 2171 1
9 2644 1
9 2697 1
9 3084 1
10 34 1
10 88 1
10 277 1
10 325 1
10 525 1
10 532 1
10 572 2
10 633 1
10 688 1
10 764 2
10 863 1
10 867 3
10 872 1
10 874 1
10 923 4
10 924 2
10 1057 1
10 1080 1
10 1081 1
10 1082 1
10 1215 1
10 1219 1
10 1333 1
10 1334 1
10 1351 1
10 1389 1
10 1442 2
10 1474 1
10 1611 1
10 1614 2
10 1651 1
10 1693 2
10 1777 1
10 1962 1
10 1975 3
10 1995 1
10 2209 1
10 2236 1
10 2364 1
10 2430 1
10 2436 1
10 2593 1
10 2642 1
10 2787 1
10 2861 1
10 2961 1
10 3006 1
10 3096 1
10 3197 1
10 3214 2
10 3215 1
10 3227 1
10 3262 1
10 3315 1
10 3316 4
10 3318 1
11 32 1
11 35 1
11 40 1
11 44 1
11 100 1
11 190 1
11 214 1
11 316 1
11 319 1
11 462 1
11 463 1
11 464 1
11 545 1
11 559 1
11 603 1
11 605 1
11 616 1
11 817 1
11 907 1
11 982 1
11 1013 1
11 1130 1
11 1187 1
11 1417 1
11 1552 1
11 1702 1
11 1705 1
11 1806 1
11 1960 4
11 2042 1
11 2046 1
11 2234 1
11 2319 1
11 2372 1
11 2385 1
11 2416 1
11 2420 1
11 2488 1
11 2544 1
11 2604 1
11 2606 1
11 2641 1
11 2687 1
11 2834 1
11 2842 1
11 2917 2
11 2918 1
11 2958 1
11 2964 1
11 3066 1
11 3135 1
11 3145 1
11 3155 1
11 3161 1
11 3162 1
11 3285 1
12 30 3
12 40 1
12 110 1
12 141 1
12 144 1
12 189 1
12 254 1
12 277 1
12 301 1
12 424 1
12 453 1
12 459 1
12 463 1
12 464 1
12 481 1
12 574 1
12 591 1
12 592 1
12 672 1
12 712 1
12 726 1
12 739 1
12 769 2
12 778 1
12 811 1
12 824 1
12 827 2
12 925 1
12 926 1
12 950 1
12 971 2
12 1012 1
12 1035 1
12 1086 1
12 1092 2
12 1117 1
12 1130 2
12 1135 1
12 1208 1
12 1220 1
12 1260 1
12 1285 1
12 1303 1
12 1310 3
12 1339 2
12 1345 1
12 1378 1
12 1468 1
12 1476 1
12 1484 1
12 1604 1
12 1677 1
12 1717 1
12 1767 1
12 1770 1
12 1771 1
12 1775 1
12 1805 1
12 1884 1
12 1960 1
12 1968 1
12 1976 1
12 2012 3
12 2035 1
12 2134 1
12 2142 2
12 2202 1
12 2330 1
12 2375 1
12 2376 1
12 2502 1
12 2634 4
12 2663 1
12 2707 1
12 2734 1
12 2809 1
12 2834 2
12 2911 1
12 2912 1
12 2945 1
12 3009 1
12 3019 1
12 3025 1
12 3156 1
12 3210 1
12 3266 2
12 3279 1
13 8 2
13 162 2
13 180 2
13 605 2
13 867 1
13 1042 2
13 1053 2
13 1110 2
13 1130 2
13 1220 2
13 1341 2
13 1431 2
13 1718 2
13 1837 2
13 2049 1
13 2139 2
13 2171 2
13 2181 2
13 2236 2
13 2244 2
13 2415 2
13 2608 2
13 2745 1
13 3070 2
13 3096 2
13 3173 2
13 3180 2
13 3267 2
13 3323 2
14 31 1
14 585 1
14 779 1
14 1130 5
14 1135 1
14 1211 1
14 1338 1
14 1450 1
14 1777 2
14 1960 1
14 2143 1
14 2167 1
14 2417 2
14 2430 1
14 2548 1
14 2652 1
14 2850 2
14 2856 1
14 3006 1
14 3019 2
14 3121 1
14 3198 3
14 3272 1
14 3273 1
14 3276 1
15 91 1
15 97 1
15 189 1
15 290 2
15 302 1
15 305 1
15 336 1
15 372 1
15 480 1
15 602 1
15 749 1
15 833 1
15 982 1
15 1079 1
15 1243 1
15 1287 1
15 1385 1
15 1490 1
15 1579 1
15 1726 1
15 1778 1
15 1960 4
15 1961 1
15 1962 1
15 2089 1
15 2270 1
15 2333 1
15 2393 1
15 2438 1
15 2442 1
15 2560 1
15 2569 1
15 2625 1
15 2735 1
15 2776 1
15 3013 1
15 3101 1
15 3210 1
15 3256 1
16 8 1
16 27 1
16 33 1
16 71 1
16 143 1
16 224 1
16 313 1
16 337 1
16 341 1
16 357 1
16 384 1
16 387 1
16 463 1
16 548 1
16 558 1
16 563 1
16 574 1
16 576 1
16 652 1
16 661 1
16 671 1
16 682 1
16 775 1
16 788 2
16 790 2
16 807 1
16 859 1
16 867 2
16 875 2
16 888 1
16 895 1
16 907 1
16 952 1
16 999 1
16 1002 1
16 1075 1
16 1094 2
16 1107 4
16 1115 1
16 1125 1
16 1130 4
16 1147 1
16 1191 1
16 1219 1
16 1242 1
16 1305 1
16 1338 1
16 1339 1
16 1363 1
16 1406 1
16 1415 1
16 1443 1
16 1465 3
16 1626 1
16 1732 3
16 1736 1
16 1748 1
16 1777 2
16 1856 1
16 1960 9
16 1962 1
16 1976 1
16 2044 1
16 2096 1
16 2100 1
16 2139 2
16 2166 1
16 2171 2
16 2268 1
16 2280 2
16 2354 1
16 2360 1
16 2376 5
16 2379 1
16 2503 1
16 2524 1
16 2526 2
16 2550 2
16 2560 3
16 2599 1
16 2634 1
16 2647 1
16 2684 1
16 2699 1
16 2796 1
16 3005 2
16 3198 1
16 3214 1
16 3217 2
16 3301 1
16 3303 1
17 142 1
17 198 1
17 215 2
17 400 1
17 464 1
17 475 1
17 542 1
17 590 1
17 595 1
17 597 1
17 797 1
17 799 1
17 815 1
17 875 1
17 951 1
17 981 1
17 1033 1
17 1048 1
17 1107 2
17 1110 1
17 1115 1
17 1130 2
17 1136 1
17 1182 1
17 1244 2
17 1356 2
17 1391 1
17 1442 1
17 1443 1
17 1536 1
17 1540 1
17 1552 1
17 1576 1
17 1630 1
17 1702 2
17 1749 1
17 1812 2
17 1980 1
17 2140 1
17 2145 1
17 2357 1
17 2559 1
17 2593 1
17 2729 1
17 2774 1
17 2813 1
17 2973 1
17 3016 1
17 3104 1
17 3149 1
18 99 1
18 211 1
18 239 1
18 309 1
18 352 1
18 423 1
18 811 1
18 859 1
18 867 1
18 1081 1
18 1215 1
18 1256 1
18 1262 2
18 1339 1
18 1605 1
18 1732 1
18 1755 1
18 1756 1
18 1757 1
18 1777 1
18 1936 1
18 1960 3
18 2134 1
18 2477 1
18 2593 1
18 2809 1
18 2816 1
18 2906 2
18 2907 1
18 2908 3
18 2951 1
18 3096 1
18 3222 1
18 3317 1
19 89 1
19 99 1
19 180 1
19 219 1
19 286 1
19 344 1
19 345 2
19 353 1
19 391 1
19 408 1
19 470 1
19 472 1
19 511 1
19 593 1
19 693 1
19 700 1
19 771 1
19 811 1
19 861 1
19 1016 1
19 1070 1
19 1130 1
19 1131 1
19 1135 1
19 1192 1
19 1196 1
19 1252 1
19 1326 1
19 1327 2
19 1380 1
19 1532 1
19 1546 1
19 1583 1
19 1656 1
19 1742 1
19 1798 1
19 1879 1
19 1974 1
19 1979 1
19 1989 1
19 2056 1
19 2080 1
19 2104 1
19 2109 1
19 2120 1
19 2139 1
19 2144 1
19 2168 1
19 2175 2
19 2198 3
19 2216 1
19 2361 1
19 2376 1
19 2463 1
19 2494 1
19 2553 1
19 2571 1
19 2605 1
19 2836 1
19 2871 1
19 2877 1
19 2922 1
19 3014 1
19 3093 1
19 3118 1
19 3169 1
19 3173 1
19 3179 1
19 3245 1
19 3254 1
19 3276 1
19 3319 1
20 31 1
20 293 1
20 505 1
20 525 1
20 695 1
20 696 1
20 859 1
20 1103 1
20 1130 1
20 1135 1
20 1218 1
20 1219 1
20 1345 1
20 1386 1
20 1392 1
20 1416 1
20 1495 1
20 1699 1
20 1771 1
20 1829 1
20 2771 1
20 2779 1
20 2806 1
20 2865 1
20 2897 1
20 2942 1
20 2950 1
20 3055 1
20 3066 1
21 253 1
21 254 1
21 371 1
21 439 1
21 649 1
21 687 1
21 730 1
21 740 1
21 750 2
21 774 1
21 840 1
21 890 1
21 901 1
21 959 1
21 1087 1
21 1130 1
21 1240 1
21 1342 1
21 1511 1
21 1522 1
21 1618 1
21 1698 1
21 1732 1
21 1742 1
21 1756 2
21 1790 1
21 1960 1
21 2031 1
21 2142 2
21 2392 1
21 2455 1
21 2472 1
21 2483 1
21 2501 1
21 2647 1
21 2678 1
21 2746 1
21 2801 1
21 2834 2
21 2837 1
21 2941 1
21 3031 1
21 3060 2
21 3174 1
22 35 1
22 245 1
22 290 1
22 351 1
22 395 1
22 758 1
22 763 1
22 859 2
22 870 1
22 907 1
22 969 1
22 1026 1
22 1130 1
22 1140 1
22 1249 1
22 1361 1
22 1370 1
22 1401 1
22 1469 1
22 1480 1
22 1697 1
22 1750 1
22 1837 1
22 2059 2
22 2210 1
22 2601 5
22 2833 1
22 2898 1
22 2901 1
22 2927 1
22 3006 1
22 3008 1
22 3019 1
22 3143 1
22 3198 2
22 3214 2
22 3285 1
22 3307 1
23 107 1
23 136 1
23 191 1
23 232 1
23 267 1
23 333 1
23 464 1
23 488 1
23 533 1
23 547 1
23 809 1
23 816 1
23 938 1
23 990 1
23 1082 1
23 1198 2
23 1216 1
23 1322 1
23 1329 1
23 1333 1
23 1359 1
23 1426 1
23 1463 1
23 1543 1
23 1554 1
23 1703 1
23 1763 1
23 1771 1
23 1870 1
23 1906 1
23 1982 1
23 2343 1
23 2392 1
23 2430 1
23 2648 1
23 2650 1
23 2694 1
23 2735 2
23 2833 1
23 3128 1
23 3198 1
23 3210 1
23 3285 1
24 26 1
24 113 1
24 151 1
24 192 1
24 610 1
24 612 1
24 698 1
24 699 1
24 1130 2
24 1219 1
24 1301 1
24 1577 1
24 1578 1
24 1719 1
24 1805 1
24 1858 1
24 1922 1
24 1929 1
24 1958 1
24 1960 1
24 2045 1
24 2180 1
24 2190 1
24 2225 3
24 2267 1
24 2336 1
24 2348 1
24 2392 1
24 2482 1
24 2521 1
24 2736 1
24 3066 1
24 3093 1
24 3096 1
24 3174 1
24 3246 1
24 3265 1
24 3285 1
25 4 1
25 194 1
25 220 1
25 259 1
25 321 1
25 393 1
25 451 1
25 518 1
25 525 1
25 572 1
25 618 1
25 777 1
25 795 1
25 867 1
25 971 1
25 976 1
25 993 1
25 1051 1
25 1130 3
25 1135 1
25 1180 1
25 1203 1
25 1219 2
25 1229 1
25 1235 1
25 1262 2
25 1283 1
25 1387 1
25 1537 1
25 1542 1
25 1562 3
25 1563 1
25 1579 1
25 1739 1
25 1810 1
25 1838 1
25 1960 2
25 2133 1
25 2214 2
25 2299 1
25 2458 1
25 2479 1
25 2664 1
25 2720 2
25 2761 1
25 2793 2
25 2847 1
25 2853 1
25 2869 1
25 2976 1
25 3004 1
25 3060 1
25 3214 1
25 3273 1
26 48 1
26 118 1
26 272 1
26 439 1
26 463 1
26 464 2
26 498 1
26 571 1
26 818 1
26 848 2
26 883 2
26 969 1
26 1016 1
26 1080 1
26 1095 1
26 1099 1
26 1129 2
26 1140 1
26 1149 1
26 1217 3
26 1373 1
26 1594 2
26 1618 1
26 1624 1
26 1637 1
26 1658 5
26 1745 5
26 1793 1
26 1850 2
26 1865 1
26 1960 1
26 1962 1
26 1976 1
26 2065 1
26 2276 2
26 2283 1
26 2323 2
26 2346 1
26 2497 1
26 2501 1
26 2554 1
26 2597 2
26 2598 1
26 2659 2
26 2660 1
26 2708 1
26 2826 4
26 2834 2
26 3010 3
26 3011 1
26 3064 2
26 3073 1
26 3093 3
26 3182 1
26 3276 2
27 445 1
27 465 1
27 495 1
27 1130 1
27 1131 1
27 1385 1
27 1535 1
27 1777 1
27 1802 1
27 1848 1
27 1869 1
27 2067 1
27 2142 1
27 2667 1
27 2863 2
27 3057 1
27 3091 1
27 3230 1
27 3232 1
28 158 1
28 162 1
28 226 1
28 248 1
28 449 1
28 565 1
28 649 1
28 662 1
28 678 1
28 734 1
28 736 1
28 952 1
28 1017 1
28 1153 1
28 1155 1
28 1207 1
28 1331 1
28 1429 1
28 1454 1
28 1470 1
28 1492 1
28 1579 1
28 1607 1
28 1620 1
28 1621 1
28 1689 1
28 1717 1
28 1730 1
28 1732 2
28 1754 1
28 1778 1
28 1781 1
28 1816 1
28 1953 1
28 1957 1
28 1960 1
28 2004 1
28 2131 2
28 2171 1
28 2177 1
28 2179 1
28 2292 1
28 2407 1
28 2470 1
28 2596 1
28 2612 1
28 2651 1
28 2666 1
28 2800 1
28 2841 1
28 2891 1
28 2915 1
28 2954 2
28 3034 1
28 3161 1
28 3200 1
28 3209 1
28 3221 1
29 24 1
29 55 1
29 133 1
29 208 1
29 218 3
29 231 2
29 252 1
29 253 1
29 261 1
29 276 1
29 294 1
29 306 1
29 312 1
29 355 1
29 358 1
29 368 2
29 373 1
29 405 1
29 423 1
29 430 1
29 435 1
29 439 1
29 486 1
29 519 1
29 550 1
29 574 1
29 626 1
29 627 1
29 638 1
29 641 1
29 655 3
29 656 1
29 658 1
29 669 2
29 683 1
29 697 1
29 715 1
29 731 1
29 840 1
29 844 1
29 855 1
29 861 1
29 869 1
29 871 1
29 908 1
29 909 1
29 948 1
29 966 3
29 983 1
29 997 1
29 1007 1
29 1011 1
29 1016 1
29 1020 1
29 1023 1
29 1045 1
29 1075 1
29 1080 3
29 1104 1
29 1116 1
29 1117 1
29 1130 1
29 1190 1
29 1204 1
29 1220 1
29 1284 1
29 1289 1
29 1305 1
29 1325 1
29 1352 1
29 1361 1
29 1367 1
29 1370 1
29 1373 1
29 1378 2
29 1435 1
29 1438 3
29 1446 1
29 1482 1
29 1492 1
29 1514 1
29 1518 1
29 1524 1
29 1598 2
29 1601 1
29 1607 2
29 1628 1
29 1629 1
29 1635 3
29 1644 2
29 1654 1
29 1664 1
29 1678 1
29 1688 1
29 1692 1
29 1700 1
29 1742 1
29 1766 2
29 1797 2
29 1817 1
29 1820 1
29 1822 1
29 1830 3
29 1832 1
29 1833 1
29 1834 1
29 1866 1
29 1960 2
29 1962 2
29 1971 1
29 2016 1
29 2023 2
29 2024 1
29 2028 3
29 2029 1
29 2039 1
29 2057 1
29 2084 1
29 2092 1
29 2107 1
29 2139 1
29 2175 1
29 2178 1
29 2191 1
29 2194 1
29 2204 1
29 2207 1
29 2210 1
29 2241 1
29 2245 1
29 2246 1
29 2264 1
29 2275 1
29 2285 1
29 2322 1
29 2335 1
29 2365 1
29 2421 1
29 2433 1
29 2463 1
29 2471 1
29 2521 1
29 2532 1
29 2540 2
29 2562 1
29 2571 2
29 2577 1
29 2584 1
29 2585 1
29 2600 1
29 2610 1
29 2617 2
29 2646 1
29 2657 1
29 2669 1
29 2677 1
29 2679 5
29 2680 2
29 2681 1
29 2699 1
29 2718 1
29 2719 2
29 2745 1
29 2772 1
29 2785 1
29 2799 1
29 2800 1
29 2802 2
29 2804 1
29 2822 1
29 2880 1
29 2884 1
29 2885 1
29 2890 1
29 2921 1
29 2939 1
29 2967 1
29 2979 1
29 2989 1
29 2999 1
29 3006 1
29 3046 1
29 3065 1
29 3067 1
29 3074 1
29 3075 1
29 3079 1
29 3092 1
29 3113 1
29 3134 3
29 3146 2
29 3147 1
29 3150 1
29 3168 1
29 3194 1
29 3236 1
29 3257 1
29 3262 1
29 3271 1
29 3285 1
29 3296 1
29 3302 1
30 99 1
30 197 1
30 235 1
30 237 1
30 439 1
30 460 1
30 512 1
30 528 1
30 613 1
30 664 1
30 712 1
30 822 1
30 991 1
30 1018 1
30 1140 1
30 1181 1
30 1219 1
30 1335 1
30 1397 1
30 1452 1
30 1619 1
30 1696 1
30 1704 1
30 2139 2
30 2207 1
30 2260 1
30 2376 1
30 2395 1
30 2417 1
30 2521 1
30 2581 1
30 2604 1
30 2809 1
30 3074 2
30 3214 1
31 153 1
31 193 1
31 213 1
31 214 1
31 286 1
31 429 1
31 497 1
31 499 1
31 550 1
31 572 1
31 875 1
31 1130 1
31 1186 1
31 1231 2
31 1258 1
31 1268 1
31 1378 1
31 1384 1
31 1386 1
31 1509 1
31 1512 1
31 1712 1
31 1849 1
31 1960 2
31 2021 1
31 2207 1
31 2345 1
31 2391 1
31 2459 1
31 2634 1
31 2646 1
31 2683 1
31 2728 1
31 2749 2
31 2750 1
31 2953 1
31 3181 1
31 3217 1
32 56 1
32 209 1
32 331 1
32 509 1
32 611 1
32 635 1
32 807 1
32 933 1
32 998 1
32 1099 1
32 1130 1
32 1246 1
32 1290 1
32 1297 1
32 1358 1
32 1396 1
32 1455 1
32 1495 1
32 1513 1
32 1686 1
32 1872 1
32 1894 1
32 1976 1
32 2369 1
32 2430 1
32 2469 1
32 2511 1
32 2527 1
32 2667 1
32 2758 1
32 2990 1
32 3006 1
32 3007 1
32 3060 1
32 3138 1
32 3167 1
32 3241 1
32 3275 1
32 3313 1
33 268 1
33 290 1
33 464 1
33 572 2
33 650 1
33 807 2
33 911 1
33 969 1
33 1107 1
33 1130 5
33 1210 2
33 1215 1
33 1241 1
33 1250 1
33 1314 1
33 1417 1
33 1444 2
33 1469 1
33 1579 2
33 1693 1
33 1695 1
33 1771 1
33 1772 2
33 1773 1
33 1901 1
33 1935 1
33 2033 1
33 2041 1
33 2134 1
33 2169 1
33 2170 1
33 2317 1
33 2340 1
33 2388 1
33 2560 1
33 2593 1
33 2633 1
33 2635 1
33 2740 1
33 2742 1
33 2838 1
33 2914 1
33 2940 1
33 3006 1
33 3008 1
33 3094 1
33 3164 1
33 3177 1
33 3214 1
33 3215 1
33 3289 1
34 668 1
34 1142 1
34 1218 1
34 1219 1
34 1224 1
34 1386 1
34 1442 1
34 1638 1
34 1960 1
34 1970 1
34 2652 1
34 3214 1
35 8 1
35 70 1
35 108 1
35 183 1
35 199 1
35 200 1
35 262 1
35 371 1
35 419 1
35 447 1
35 458 1
35 464 1
35 489 1
35 494 1
35 645 1
35 709 2
35 907 1
35 974 1
35 990 1
35 1040 1
35 1055 1
35 1127 1
35 1251 1
35 1296 1
35 1339 1
35 1406 2
35 1475 1
35 1483 1
35 1576 1
35 1579 2
35 1777 1
35 1837 1
35 1901 1
35 1983 1
35 2049 1
35 2074 1
35 2134 2
35 2197 1
35 2371 1
35 2376 2
35 2430 1
35 2592 1
35 2601 2
35 2807 1
35 2852 1
35 2946 1
35 3123 1
35 3145 1
36 27 1
36 233 1
36 253 1
36 312 1
36 317 1
36 326 1
36 334 1
36 335 1
36 337 1
36 444 1
36 457 1
36 556 1
36 655 1
36 692 1
36 708 1
36 757 1
36 839 1
36 842 1
36 862 1
36 865 1
36 907 1
36 968 1
36 969 1
36 991 1
36 1122 1
36 1146 1
36 1188 1
36 1202 1
36 1359 1
36 1427 1
36 1437 1
36 1474 1
36 1489 2
36 1535 1
36 1662 2
36 1854 1
36 1901 1
36 1911 1
36 1976 1
36 2012 1
36 2030 1
36 2134 2
36 2171 1
36 2247 2
36 2326 2
36 2377 1
36 2472 2
36 2601 2
36 2604 2
36 2616 1
36 2623 2
36 2652 1
36 2735 1
36 2758 1
36 2833 1
36 2844 2
36 2896 2
36 2923 1
36 3030 1
36 3069 1
36 3189 1
36 3224 1
36 3273 1
36 3276 1
36 3302 1
37 26 1
37 27 1
37 56 1
37 379 1
37 599 1
37 807 1
37 826 1
37 937 1
37 1063 1
37 1066 1
37 1091 1
37 1292 1
37 1498 1
37 1576 1
37 1584 1
37 1834 1
37 1853 1
37 1960 1
37 1963 1
37 1976 1
37 2163 1
37 2215 1
37 2217 1
37 2485 1
37 2798 1
37 2897 1
37 3017 1
37 3052 1
37 3084 1
37 3087 1
37 3096 1
37 3311 1
38 74 1
38 84 1
38 109 1
38 162 2
38 164 1
38 166 1
38 318 1
38 360 1
38 383 1
38 402 1
38 420 1
38 489 1
38 551 1
38 574 1
38 581 1
38 612 1
38 617 1
38 650 1
38 659 1
38 666 1
38 667 1
38 690 1
38 755 1
38 786 1
38 793 1
38 811 1
38 830 1
38 849 1
38 949 1
38 953 1
38 1019 1
38 1028 1
38 1048 1
38 1072 1
38 1078 1
38 1107 1
38 1108 1
38 1130 1
38 1168 1
38 1227 1
38 1275 2
38 1276 1
38 1378 1
38 1469 2
38 1525 1
38 1682 1
38 1721 1
38 1722 1
38 1726 2
38 1733 1
38 1783 1
38 1798 1
38 1864 1
38 1952 1
38 2141 1
38 2148 1
38 2151 1
38 2163 1
38 2253 1
38 2282 1
38 2292 1
38 2333 1
38 2394 1
38 2462 1
38 2478 1
38 2533 1
38 2537 1
38 2615 1
38 2619 1
38 2861 1
38 2929 1
38 2934 1
38 2998 1
38 3006 3
38 3107 1
38 3114 1
38 3120 1
38 3140 1
38 3173 1
38 3184 1
38 3195 1
38 3217 1
39 53 1
39 104 1
39 112 1
39 146 1
39 256 3
39 273 2
39 279 1
39 283 1
39 293 1
39 362 1
39 427 1
39 529 1
39 631 2
39 701 1
39 733 2
39 759 1
39 782 1
39 867 2
39 994 1
39 1043 1
39 1174 5
39 1209 1
39 1282 2
39 1339 1
39 1358 1
39 1397 1
39 1455 1
39 1469 1
39 1497 1
39 1507 1
39 1544 1
39 1596 1
39 1597 1
39 1625 1
39 1641 2
39 1661 2
39 1663 1
39 1777 2
39 1943 1
39 1950 1
39 1960 6
39 1987 1
39 2054 1
39 2114 1
39 2116 1
39 2122 1
39 2130 1
39 2184 1
39 2198 1
39 2200 1
39 2278 1
39 2593 1
39 2655 1
39 2720 1
39 2735 1
39 2781 1
39 2805 1
39 2986 1
39 3039 1
39 3211 1
39 3235 1
39 3243 1
39 3286 1
40 28 1
40 78 1
40 193 1
40 240 1
40 366 1
40 455 1
40 459 1
40 473 1
40 485 1
40 538 1
40 552 1
40 561 1
40 635 1
40 749 1
40 798 1
40 851 1
40 1029 1
40 1130 2
40 1135 1
40 1207 1
40 1298 1
40 1385 1
40 1436 1
40 1579 1
40 1605 1
40 1640 1
40 1666 1
40 1754 2
40 1937 1
40 1990 1
40 2016 2
40 2074 1
40 2261 2
40 2392 1
40 2413 1
40 2465 1
40 2467 1
40 2519 1
40 2546 2
40 2582 1
40 2641 1
40 2692 1
40 2731 1
40 2856 1
40 2968 1
40 2983 1
40 3006 1
40 3019 1
40 3071 1
40 3154 1
40 3188 1
40 3217 1
40 3281 1
41 15 1
41 20 1
41 74 1
41 99 2
41 253 1
41 304 1
41 434 1
41 661 1
41 666 1
41 768 1
41 814 1
41 826 1
41 828 1
41 831 1
41 931 1
41 1022 1
41 1130 2
41 1210 1
41 1215 1
41 1272 1
41 1385 1
41 1469 1
41 1471 1
41 1486 1
41 1617 1
41 1674 1
41 1702 1
41 1771 1
41 1932 1
41 1933 1
41 1960 1
41 1986 1
41 2010 1
41 2142 1
41 2207 1
41 2239 1
41 2297 1
41 2313 1
41 2392 1
41 2501 1
41 2730 1
41 2748 1
41 2778 1
41 2807 1
41 2832 1
41 2913 1
41 2965 1
41 3119 1
41 3155 1
41 3279 1
41 3300 1
42 31 1
42 111 1
42 171 2
42 468 1
42 734 1
42 1021 1
42 1634 2
42 1835 2
42 1960 2
42 2079 1
42 2492 1
42 2806 1
42 3006 1
42 3188 1
42 3214 1
43 7 1
43 89 1
43 117 1
43 119 1
43 423 1
43 446 1
43 601 1
43 710 1
43 735 1
43 753 1
43 940 1
43 973 1
43 980 1
43 1000 1
43 1059 1
43 1062 1
43 1130 1
43 1269 1
43 1329 2
43 1378 1
43 1437 1
43 1485 1
43 1500 1
43 1603 1
43 1998 1
43 2061 1
43 2077 1
43 2150 1
43 2195 1
43 2242 1
43 2376 1
43 2380 1
43 2407 1
43 2409 1
43 2441 1
43 2634 1
43 2663 1
43 2815 1
43 2879 1
43 2932 1
43 2963 1
43 3028 1
43 3038 1
43 3062 1
43 3064 1
43 3161 1
43 3214 1
43 3285 1
44 26 1
44 72 1
44 165 1
44 218 1
44 359 1
44 464 1
44 530 1
44 533 1
44 594 1
44 685 1
44 725 1
44 733 1
44 746 1
44 827 1
44 873 1
44 882 1
44 1022 1
44 1055 1
44 1100 1
44 1107 1
44 1130 8
44 1135 1
44 1228 1
44 1247 1
44 1317 1
44 1377 1
44 1379 1
44 1408 1
44 1451 1
44 1456 1
44 1486 1
44 1606 1
44 1619 1
44 1741 1
44 1813 2
44 1823 1
44 1895 1
44 1954 1
44 1960 1
44 2023 1
44 2087 1
44 2127 1
44 2207 2
44 2256 1
44 2263 1
44 2279 1
44 2316 1
44 2337 1
44 2375 1
44 2428 1
44 2474 1
44 2501 1
44 2614 1
44 2629 1
44 2661 1
44 2681 1
44 2705 1
44 2712 1
44 2748 1
44 2781 1
44 2828 1
44 2897 1
44 2990 1
44 2991 1
44 3006 1
44 3008 2
44 3076 1
44 3088 1
44 3214 2
44 3215 2
44 3298 1
44 3302 1
45 2 3
45 127 1
45 280 1
45 299 1
45 448 1
45 461 1
45 501 1
45 541 4
45 544 1
45 576 2
45 582 1
45 622 1
45 626 1
45 837 1
45 1068 1
45 1080 2
45 1105 1
45 1264 1
45 1346 1
45 1348 1
45 1355 1
45 1417 2
45 1445 1
45 1520 1
45 1523 1
45 1757 1
45 1761 1
45 1845 1
45 1861 1
45 2003 1
45 2011 2
45 2050 1
45 2051 2
45 2064 1
45 2128 1
45 2243 1
45 2295 2
45 2311 2
45 2312 1
45 2370 1
45 2376 1
45 2406 1
45 2416 1
45 2422 1
45 2434 1
45 2604 1
45 2721 1
45 2846 1
45 2883 1
45 3074 1
45 3159 1
45 3165 1
46 8 1
46 10 1
46 42 1
46 56 1
46 80 1
46 85 1
46 99 2
46 218 2
46 239 1
46 416 1
46 432 1
46 473 1
46 474 1
46 489 1
46 491 1
46 557 1
46 631 1
46 676 1
46 719 1
46 735 1
46 769 1
46 840 1
46 869 1
46 894 1
46 895 1
46 933 1
46 1016 1
46 1080 2
46 1085 2
46 1108 1
46 1130 1
46 1210 2
46 1221 1
46 1310 1
46 1315 1
46 1395 1
46 1400 1
46 1486 1
46 1526 1
46 1576 1
46 1581 2
46 1647 1
46 1650 1
46 1651 2
46 1710 2
46 1800 1
46 1887 6
46 1888 2
46 1913 1
46 1945 2
46 1960 5
46 1976 1
46 2012 1
46 2016 1
46 2114 1
46 2142 2
46 2194 1
46 2207 1
46 2222 1
46 2307 1
46 2319 1
46 2376 2
46 2392 1
46 2495 1
46 2548 1
46 2587 1
46 2599 1
46 2713 1
46 2747 1
46 2758 1
46 2762 1
46 2765 1
46 2796 1
46 2798 1
46 2811 2
46 2834 3
46 3032 1
46 3066 1
46 3074 1
46 3155 1
46 3156 1
46 3188 1
46 3285 1
46 3312 1
47 25 1
47 31 1
47 48 1
47 61 1
47 98 1
47 103 1
47 262 1
47 289 1
47 500 1
47 621 1
47 650 1
47 742 1
47 750 1
47 957 1
47 1008 1
47 1067 1
47 1130 1
47 1135 1
47 1204 1
47 1417 1
47 1440 1
47 1456 1
47 1754 2
47 1777 1
47 1819 1
47 1866 1
47 1868 1
47 1892 1
47 1934 1
47 1943 1
47 1960 2
47 2048 1
47 2068 1
47 2161 1
47 2455 1
47 2460 1
47 2507 1
47 2575 1
47 2595 1
47 2668 1
47 2735 1
47 2814 1
47 2834 1
47 2864 1
47 2895 1
47 2944 1
47 2945 1
47 3041 1
47 3157 1
47 3158 1
47 3174 1
47 3215 1
47 3217 1
47 3272 1
47 3277 1
47 3278 1
48 18 1
48 99 1
48 115 1
48 315 1
48 439 1
48 515 1
48 632 1
48 734 1
48 743 1
48 754 1
48 773 1
48 936 1
48 1025 1
48 1130 1
48 1478 1
48 1556 1
48 1655 1
48 1717 1
48 1836 1
48 1960 1
48 1963 1
48 1972 1
48 2108 1
48 2134 1
48 2214 1
48 2311 1
48 2384 1
48 2820 1
48 2831 1
48 2833 1
48 2925 1
48 3065 1
49 70 1
49 157 1
49 236 1
49 281 2
49 282 1
49 300 1
49 577 1
49 933 1
49 971 1
49 1080 1
49 1202 1
49 1383 1
49 1579 1
49 1622 1
49 1771 2
49 1863 1
49 1960 4
49 1962 2
49 2239 1
49 2303 2
49 2358 1
49 2371 2
49 2373 1
49 2556 1
49 2601 2
49 2758 1
49 2860 1
49 3006 1
49 3008 2
49 3017 1
49 3023 1
49 3047 1
49 3058 1
49 3068 1
49 3226 1
49 3268 1
50 4 1
50 26 3
50 30 1
50 31 2
50 37 3
50 38 2
50 41 1
50 44 1
50 49 1
50 72 1
50 101 1
50 117 1
50 118 2
50 135 1
50 145 1
50 148 1
50 150 2
50 168 1
50 169 1
50 202 1
50 216 1
50 221 2
50 222 4
50 225 1
50 245 4
50 318 1
50 328 2
50 329 1
50 330 1
50 354 1
50 380 1
50 463 4
50 464 3
50 497 1
50 566 1
50 586 1
50 598 1
50 605 1
50 663 1
50 707 1
50 751 2
50 754 2
50 811 2
50 847 1
50 870 1
50 878 1
50 880 1
50 881 3
50 904 1
50 915 1
50 929 1
50 931 1
50 935 1
50 940 1
50 964 1
50 969 1
50 972 1
50 989 1
50 1006 1
50 1018 1
50 1036 1
50 1077 1
50 1099 3
50 1114 1
50 1130 8
50 1135 4
50 1206 1
50 1225 1
50 1230 1
50 1329 2
50 1371 2
50 1372 1
50 1385 1
50 1447 1
50 1448 1
50 1470 1
50 1481 1
50 1486 1
50 1491 1
50 1494 1
50 1501 1
50 1510 1
50 1523 1
50 1571 1
50 1576 2
50 1581 1
50 1582 2
50 1607 2
50 1645 1
50 1680 2
50 1710 1
50 1729 1
50 1754 2
50 1765 6
50 1807 1
50 1825 1
50 1870 1
50 1877 1
50 1887 1
50 1909 1
50 1911 1
50 1919 1
50 1992 1
50 2002 1
50 2034 2
50 2044 1
50 2070 1
50 2074 1
50 2105 1
50 2139 1
50 2157 1
50 2173 1
50 2181 1
50 2183 1
50 2271 1
50 2284 1
50 2286 1
50 2333 1
50 2349 3
50 2372 1
50 2387 1
50 2405 1
50 2419 1
50 2445 1
50 2480 1
50 2481 6
50 2512 2
50 2513 1
50 2535 1
50 2536 2
50 2541 1
50 2545 1
50 2560 3
50 2564 1
50 2569 1
50 2597 1
50 2658 2
50 2662 1
50 2789 1
50 2808 1
50 2833 2
50 2834 8
50 2838 1
50 2850 2
50 2865 1
50 2882 1
50 2941 1
50 2964 1
50 2997 1
50 3021 1
50 3033 1
50 3053 1
50 3055 1
50 3059 3
50 3086 1
50 3089 1
50 3110 1
50 3142 2
50 3178 1
50 3181 6
50 3253 1
51 19 1
51 22 1
51 23 1
51 152 1
51 166 1
51 177 1
51 193 1
51 288 1
51 366 2
51 426 1
51 433 1
51 497 1
51 596 1
51 624 1
51 637 1
51 665 1
51 702 1
51 751 1
51 765 1
51 884 1
51 982 1
51 1076 1
51 1080 1
51 1092 1
51 1112 1
51 1118 1
51 1154 1
51 1200 1
51 1262 1
51 1267 1
51 1271 1
51 1329 1
51 1337 1
51 1339 1
51 1373 1
51 1397 1
51 1457 1
51 1458 1
51 1476 1
51 1503 1
51 1523 1
51 1691 1
51 1710 1
51 1720 1
51 1771 1
51 1777 1
51 1811 1
51 1826 1
51 1841 1
51 1851 1
51 1928 1
51 1960 2
51 1976 1
51 1977 1
51 2016 1
51 2066 1
51 2074 2
51 2160 1
51 2207 1
51 2232 1
51 2236 1
51 2289 1
51 2444 1
51 2501 1
51 2514 1
51 2528 1
51 2546 1
51 2560 1
51 2604 2
51 2662 1
51 2667 1
51 2670 1
51 2679 1
51 2680 1
51 2685 1
51 2709 1
51 2723 1
51 2732 1
51 2742 1
51 2751 3
51 2753 1
51 2791 1
51 2833 1
51 2834 3
51 2850 1
51 2853 1
51 2866 1
51 2875 1
51 2892 1
51 2975 1
51 2993 1
51 3006 1
51 3040 1
51 3084 1
51 3132 1
51 3302 1
52 59 1
52 161 1
52 193 1
52 337 1
52 382 1
52 439 1
52 476 1
52 651 1
52 737 1
52 826 1
52 861 2
52 947 1
52 979 1
52 1034 1
52 1083 1
52 1110 1
52 1152 1
52 1184 1
52 1226 1
52 1260 1
52 1266 1
52 1295 1
52 1332 1
52 1378 1
52 1463 1
52 1590 1
52 1679 1
52 1727 1
52 1770 1
52 1777 1
52 1782 1
52 1872 1
52 1881 1
52 1889 1
52 1901 1
52 1917 1
52 1952 1
52 1960 2
52 1965 1
52 2158 1
52 2203 1
52 2254 1
52 2325 1
52 2403 1
52 2501 1
52 2597 1
52 2627 1
52 2628 1
52 2706 1
52 2733 1
52 2807 1
52 2837 1
52 2870 1
52 3006 2
52 3103 1
52 3238 1
52 3289 1
53 32 1
53 103 3
53 172 1
53 173 1
53 212 1
53 218 1
53 239 1
53 337 1
53 593 2
53 734 1
53 772 1
53 827 1
53 1080 1
53 1084 1
53 1107 1
53 1130 1
53 1178 1
53 1214 1
53 1232 1
53 1260 1
53 1263 1
53 1349 1
53 1412 1
53 1422 1
53 1433 1
53 1464 1
53 1517 1
53 1521 1
53 1539 1
53 1585 1
53 1616 1
53 1654 1
53 1657 1
53 1668 6
53 1669 5
53 1670 1
53 1732 1
53 1803 1
53 1825 1
53 1896 2
53 1960 3
53 2026 2
53 2044 1
53 2121 1
53 2125 1
53 2278 1
53 2376 1
53 2410 2
53 2573 1
53 2676 1
53 2700 1
53 2743 1
53 2744 1
53 2767 1
53 2787 2
53 2811 1
53 2967 1
53 3074 1
53 3090 1
53 3129 1
53 3239 2
53 3243 1
53 3244 1
54 8 1
54 11 1
54 12 1
54 26 2
54 32 1
54 37 1
54 57 1
54 96 1
54 154 1
54 163 1
54 179 1
54 188 1
54 218 2
54 316 4
54 362 1
54 372 1
54 380 2
54 434 1
54 454 1
54 464 1
54 476 1
54 507 1
54 533 1
54 629 1
54 635 1
54 649 1
54 661 1
54 675 1
54 689 1
54 705 1
54 727 1
54 747 1
54 783 1
54 807 1
54 860 1
54 861 1
54 926 1
54 933 1
54 967 1
54 975 1
54 984 1
54 1031 1
54 1037 1
54 1054 1
54 1060 1
54 1069 1
54 1082 2
54 1107 1
54 1109 1
54 1125 1
54 1130 6
54 1135 1
54 1150 2
54 1161 1
54 1166 1
54 1168 1
54 1210 1
54 1264 1
54 1316 1
54 1358 1
54 1382 1
54 1390 3
54 1411 1
54 1423 1
54 1431 2
54 1549 1
54 1565 1
54 1567 1
54 1575 1
54 1591 1
54 1612 1
54 1632 1
54 1732 2
54 1734 1
54 1753 1
54 1770 1
54 1815 1
54 1821 1
54 1897 1
54 1918 1
54 1940 1
54 1960 2
54 2001 1
54 2009 1
54 2027 1
54 2074 1
54 2132 1
54 2142 1
54 2151 1
54 2168 1
54 2190 1
54 2225 1
54 2249 1
54 2262 1
54 2263 1
54 2288 1
54 2308 1
54 2371 1
54 2392 1
54 2467 1
54 2473 1
54 2516 1
54 2570 1
54 2574 1
54 2589 1
54 2593 1
54 2634 1
54 2667 1
54 2726 1
54 2758 1
54 2760 1
54 2764 1
54 2769 1
54 2773 1
54 2782 1
54 2802 1
54 2827 1
54 2829 1
54 2856 1
54 2977 2
54 2981 2
54 3002 1
54 3012 1
54 3032 1
54 3050 1
54 3063 1
54 3066 2
54 3083 1
54 3111 2
54 3136 1
54 3139 1
54 3142 1
54 3172 1
54 3190 1
54 3196 1
54 3205 1
54 3208 1
54 3214 1
54 3223 1
54 3226 1
54 3239 1
54 3258 1
54 3282 1
54 3284 2
54 3287 1
54 3288 2
54 3303 1
54 3324 1
55 323 1
55 459 1
55 479 1
55 531 1
55 998 1
55 1339 1
55 1449 1
55 1960 2
55 2044 1
55 2151 1
55 2232 1
55 2454 1
55 2457 1
55 3248 1
55 3272 1
55 3302 1
56 73 1
56 218 4
56 260 1
56 262 1
56 287 1
56 397 2
56 587 1
56 867 2
56 873 1
56 907 2
56 970 1
56 985 1
56 1130 2
56 1476 1
56 1528 2
56 1529 1
56 1535 1
56 1653 1
56 1960 1
56 1962 1
56 2005 1
56 2190 1
56 2198 1
56 2438 1
56 2582 1
56 2937 2
56 2972 1
56 2991 1
56 2998 1
56 3046 2
56 3117 1
56 3122 1
56 3284 1
57 125 1
57 212 1
57 218 1
57 374 1
57 418 1
57 438 1
57 439 1
57 515 1
57 643 1
57 724 1
57 729 2
57 742 1
57 804 1
57 861 2
57 864 1
57 875 1
57 907 2
57 912 1
57 913 1
57 939 1
57 1075 1
57 1088 1
57 1112 1
57 1113 1
57 1130 1
57 1131 1
57 1159 2
57 1201 1
57 1220 1
57 1245 1
57 1358 1
57 1369 1
57 1430 1
57 1431 1
57 1442 1
57 1455 1
57 1467 1
57 1592 1
57 1631 1
57 1708 1
57 1747 1
57 1796 1
57 1840 1
57 1900 1
57 1905 1
57 1910 2
57 1911 2
57 1930 1
57 1935 1
57 1962 1
57 1976 1
57 2053 1
57 2069 1
57 2076 1
57 2084 1
57 2134 1
57 2139 1
57 2153 1
57 2190 1
57 2235 1
57 2265 1
57 2293 1
57 2312 1
57 2363 1
57 2365 2
57 2366 1
57 2368 1
57 2400 1
57 2419 1
57 2464 1
57 2498 1
57 2499 1
57 2506 1
57 2552 1
57 2571 2
57 2601 1
57 2604 1
57 2634 2
57 2641 1
57 2673 1
57 2691 1
57 2716 1
57 2735 1
57 2745 1
57 2794 1
57 2802 1
57 2831 1
57 2833 1
57 2834 1
57 2873 1
57 2888 1
57 2968 1
57 2974 1
57 2995 1
57 3006 2
57 3066 1
57 3074 2
57 3078 1
57 3166 1
57 3206 1
57 3207 1
57 3289 1
58 32 1
58 124 1
58 218 1
58 278 1
58 350 1
58 383 1
58 385 1
58 404 1
58 482 1
58 513 1
58 540 1
58 646 1
58 823 1
58 833 1
58 867 1
58 874 2
58 898 2
58 907 1
58 1004 1
58 1122 1
58 1123 1
58 1272 1
58 1274 1
58 1281 1
58 1338 1
58 1354 1
58 1370 1
58 1374 1
58 1420 1
58 1469 1
58 1574 1
58 1649 1
58 1658 3
58 1667 6
58 1740 3
58 1798 1
58 1898 3
58 1916 1
58 1926 1
58 1960 4
58 2202 1
58 2386 1
58 2495 3
58 2542 1
58 2591 1
58 2641 1
58 2696 1
58 2735 1
58 2809 1
58 2844 1
58 2889 1
58 3167 1
58 3214 1
58 3217 2
58 3288 2
58 3303 1
59 136 1
59 178 1
59 218 1
59 236 1
59 262 1
59 285 1
59 290 1
59 316 2
59 372 1
59 374 1
59 376 1
59 399 1
59 404 1
59 423 1
59 536 2
59 570 1
59 592 1
59 657 1
59 742 1
59 824 1
59 825 1
59 916 1
59 973 1
59 1030 1
59 1124 1
59 1130 1
59 1165 1
59 1229 2
59 1312 1
59 1313 1
59 1319 1
59 1456 1
59 1473 1
59 1508 1
59 1633 1
59 1674 1
59 1679 1
59 1695 1
59 1716 1
59 1901 1
59 1913 1
59 1960 3
59 1962 1
59 1969 1
59 2020 1
59 2117 1
59 2139 1
59 2168 1
59 2326 1
59 2373 1
59 2391 1
59 2402 1
59 2430 1
59 2493 1
59 2559 1
59 2588 1
59 2639 1
59 2673 1
59 2865 1
59 2905 1
59 2926 1
59 2935 1
59 2942 1
59 2977 1
59 3036 1
59 3236 1
59 3250 1
59 3279 2
59 3303 1
59 3309 1
59 3310 1
60 26 2
60 212 1
60 218 2
60 404 1
60 489 1
60 823 1
60 861 1
60 1080 2
60 1611 1
60 1809 1
60 1960 3
60 2332 1
60 2355 1
60 2385 1
60 2420 1
60 2430 1
60 2475 1
60 2835 1
60 2948 1
60 2982 1
61 70 1
61 117 1
61 188 1
61 244 2
61 374 2
61 375 1
61 463 1
61 464 1
61 527 1
61 635 1
61 664 1
61 688 1
61 770 1
61 880 1
61 990 3
61 1009 1
61 1080 1
61 1210 2
61 1261 1
61 1310 1
61 1344 1
61 1579 1
61 1847 1
61 2494 1
61 2601 2
61 2634 1
61 2834 2
61 2876 1
61 3042 2
61 3066 1
61 3077 1
61 3167 2
61 3183 1
61 3217 1
61 3288 1
61 3299 1
61 3303 1
61 3312 1
62 435 1
62 886 1
62 1036 1
62 1055 2
62 1082 1
62 1092 1
62 1138 1
62 1222 1
62 1370 1
62 1437 1
62 2074 1
62 2098 1
62 2207 1
62 2571 1
62 2601 1
62 2977 1
62 3252 1
62 3294 1
62 3295 1
63 26 1
63 92 1
63 121 3
63 122 1
63 138 1
63 171 1
63 266 1
63 339 1
63 412 1
63 440 1
63 459 1
63 491 1
63 645 1
63 706 1
63 713 1
63 827 1
63 1121 1
63 1260 1
63 1323 1
63 1336 1
63 1529 1
63 1560 1
63 1609 1
63 1702 1
63 1915 1
63 1931 1
63 1960 3
63 1966 1
63 2085 1
63 2198 1
63 2199 1
63 2208 2
63 2232 1
63 2270 1
63 2376 1
63 2501 1
63 2825 1
63 2977 2
63 3142 1
63 3199 1
63 3204 1
63 3249 1
63 3285 1
64 31 1
64 90 1
64 316 1
64 369 1
64 469 1
64 525 1
64 573 1
64 575 1
64 593 2
64 716 1
64 762 1
64 787 1
64 805 1
64 811 1
64 867 1
64 944 1
64 965 1
64 966 1
64 1058 1
64 1067 1
64 1080 1
64 1098 1
64 1190 1
64 1199 1
64 1215 1
64 1406 1
64 1456 1
64 1465 1
64 1488 1
64 1541 1
64 1585 3
64 1586 1
64 1615 1
64 1687 1
64 1703 1
64 1717 1
64 1777 2
64 1831 1
64 1867 1
64 1903 1
64 1904 1
64 1915 1
64 1920 1
64 1962 1
64 2058 1
64 2113 1
64 2186 1
64 2304 1
64 2371 2
64 2435 1
64 2448 1
64 2454 1
64 2468 1
64 2489 1
64 2496 2
64 2530 1
64 2560 1
64 2573 2
64 2575 1
64 2593 1
64 2601 1
64 2620 1
64 2668 1
64 2754 1
64 2786 1
64 2833 1
64 2909 1
64 2969 1
64 2991 1
64 3012 1
64 3050 1
64 3066 1
64 3096 1
64 3105 1
64 3106 1
64 3302 1
64 3320 2
65 21 1
65 29 1
65 44 1
65 77 1
65 106 1
65 155 1
65 156 1
65 162 2
65 196 1
65 343 1
65 378 1
65 396 1
65 458 1
65 514 2
65 609 1
65 760 1
65 921 1
65 922 2
65 962 1
65 986 1
65 987 1
65 988 1
65 1038 1
65 1103 1
65 1143 2
65 1189 1
65 1195 1
65 1236 1
65 1273 1
65 1280 1
65 1370 1
65 1393 1
65 1406 3
65 1407 1
65 1439 1
65 1453 1
65 1550 1
65 1551 1
65 1578 1
65 1610 2
65 1622 2
65 1623 2
65 1673 1
65 1705 4
65 1706 1
65 1731 1
65 1735 1
65 1760 1
65 1768 1
65 1845 1
65 1958 2
65 1992 1
65 2007 1
65 2032 1
65 2086 1
65 2134 2
65 2135 1
65 2193 1
65 2245 1
65 2376 1
65 2568 1
65 2580 2
65 2645 2
65 2700 1
65 2711 1
65 2722 1
65 2737 1
65 2831 1
65 2832 1
65 2837 1
65 2956 2
65 2959 1
65 3003 1
65 3006 1
65 3035 1
65 3038 1
65 3051 1
65 3056 1
65 3148 1
65 3174 1
65 3185 1
65 3186 1
65 3316 5
66 24 1
66 50 1
66 58 1
66 204 1
66 251 1
66 290 1
66 325 1
66 373 1
66 389 1
66 394 1
66 401 1
66 414 2
66 509 1
66 510 1
66 523 1
66 529 1
66 534 1
66 576 1
66 618 1
66 650 2
66 651 1
66 660 1
66 673 2
66 694 1
66 850 1
66 861 1
66 875 1
66 900 1
66 915 1
66 920 1
66 926 1
66 1045 1
66 1064 1
66 1065 1
66 1101 1
66 1107 1
66 1130 1
66 1135 1
66 1320 1
66 1346 1
66 1404 1
66 1417 1
66 1487 1
66 1495 1
66 1522 1
66 1702 1
66 1714 1
66 1772 2
66 1774 1
66 1792 1
66 1799 1
66 1810 1
66 1832 1
66 1882 1
66 1911 2
66 1914 1
66 1960 1
66 2082 1
66 2161 1
66 2212 1
66 2311 1
66 2317 1
66 2351 1
66 2381 1
66 2421 1
66 2427 1
66 2490 1
66 2521 1
66 2565 1
66 2593 1
66 2714 1
66 2721 1
66 2725 1
66 2745 1
66 2792 1
66 2840 1
66 2947 1
66 3006 1
66 3054 1
66 3108 1
66 3131 1
66 3136 1
66 3214 1
66 3233 1
66 3237 1
66 3288 1
67 30 1
67 31 1
67 149 1
67 218 1
67 312 1
67 409 1
67 691 1
67 806 1
67 835 2
67 867 1
67 1074 1
67 1120 1
67 1130 5
67 1139 1
67 1299 1
67 1334 1
67 1344 1
67 1422 1
67 1560 1
67 1642 1
67 1646 1
67 1699 1
67 1725 1
67 1938 1
67 1960 2
67 1976 1
67 2006 1
67 2567 1
67 2742 1
67 2838 1
67 2857 1
67 2864 1
67 2956 1
67 2977 1
67 3001 1
67 3008 2
67 3018 1
67 3024 1
67 3027 1
67 3215 1
67 3287 1
68 52 1
68 247 1
68 281 1
68 297 1
68 298 1
68 312 1
68 390 2
68 392 1
68 489 1
68 554 1
68 588 1
68 647 1
68 801 1
68 805 1
68 867 1
68 868 1
68 879 1
68 1003 1
68 1130 3
68 1162 1
68 1299 1
68 1304 1
68 1411 1
68 1427 1
68 1579 1
68 1599 1
68 1615 1
68 1742 1
68 1771 1
68 1783 1
68 1784 1
68 1873 1
68 1907 1
68 1943 1
68 1960 1
68 1962 2
68 1994 1
68 2060 4
68 2075 1
68 2078 1
68 2081 1
68 2099 1
68 2111 1
68 2172 1
68 2188 1
68 2196 1
68 2277 3
68 2307 1
68 2484 1
68 2543 1
68 2607 1
68 2673 1
68 2740 1
68 2752 1
68 2809 1
68 2812 1
68 2817 1
68 2834 1
68 2919 1
68 3193 1
68 3195 2
68 3288 1
69 31 1
69 131 1
69 167 1
69 183 1
69 184 1
69 253 1
69 269 1
69 290 1
69 307 1
69 324 1
69 329 1
69 404 1
69 423 1
69 439 1
69 463 3
69 489 1
69 553 1
69 608 1
69 619 2
69 672 1
69 748 1
69 832 1
69 840 1
69 853 1
69 867 1
69 877 1
69 883 1
69 901 1
69 930 1
69 951 1
69 1036 1
69 1096 1
69 1128 1
69 1130 5
69 1167 1
69 1318 1
69 1449 1
69 1471 1
69 1472 1
69 1493 1
69 1499 1
69 1505 1
69 1519 1
69 1558 1
69 1674 2
69 1746 1
69 1751 1
69 1771 1
69 1777 1
69 1779 2
69 1786 1
69 1787 2
69 1805 2
69 1814 1
69 1846 1
69 1858 2
69 1950 1
69 1983 1
69 1988 1
69 2159 1
69 2207 2
69 2212 1
69 2269 1
69 2305 1
69 2314 1
69 2353 1
69 2389 1
69 2457 1
69 2560 1
69 2593 2
69 2599 1
69 2609 1
69 2629 1
69 2684 1
69 2947 1
69 2994 1
69 3006 2
69 3210 1
70 218 1
70 239 1
70 560 1
70 789 1
70 802 1
70 852 1
70 901 1
70 1050 1
70 1136 1
70 1219 1
70 1286 1
70 1441 2
70 1469 1
70 1614 1
70 1960 2
70 1962 1
70 2134 1
70 2139 1
70 2189 1
70 2212 1
70 2328 1
70 2551 1
70 2609 1
70 2807 1
70 2857 1
70 2861 1
70 2864 1
70 2966 2
70 3285 1
70 3287 1
70 3290 1
71 26 1
71 30 1
71 174 1
71 466 1
71 564 1
71 950 1
71 1112 1
71 1130 1
71 1485 1
71 1579 1
71 1855 1
71 2560 1
71 2834 1
71 2977 1
71 3288 1
72 8 1
72 26 1
72 31 1
72 43 1
72 50 1
72 64 1
72 116 1
72 123 1
72 206 1
72 212 1
72 218 1
72 236 1
72 302 3
72 346 1
72 381 1
72 387 1
72 428 1
72 464 1
72 625 1
72 663 1
72 680 5
72 681 1
72 718 1
72 742 1
72 807 1
72 859 3
72 899 1
72 917 1
72 1047 1
72 1070 2
72 1074 1
72 1111 1
72 1130 12
72 1133 1
72 1159 1
72 1205 1
72 1353 1
72 1376 1
72 1385 1
72 1388 2
72 1425 1
72 1437 2
72 1456 2
72 1478 2
72 1479 1
72 1486 1
72 1489 1
72 1547 1
72 1553 2
72 1570 1
72 1574 1
72 1576 1
72 1694 1
72 1754 1
72 1771 1
72 1783 1
72 1858 1
72 1862 1
72 1875 1
72 1905 1
72 1911 1
72 1960 3
72 1999 1
72 2044 1
72 2047 1
72 2071 1
72 2093 1
72 2151 3
72 2184 1
72 2190 1
72 2207 1
72 2211 1
72 2230 1
72 2261 1
72 2420 1
72 2465 1
72 2476 1
72 2534 1
72 2559 1
72 2575 3
72 2593 2
72 2602 1
72 2622 1
72 2634 1
72 2673 1
72 2686 1
72 2735 1
72 2743 1
72 2770 1
72 2776 2
72 2830 1
72 2881 1
72 2899 1
72 2906 1
72 2908 3
72 2977 4
72 3006 1
72 3015 1
72 3029 1
72 3148 1
72 3218 1
72 3219 1
73 36 1
73 66 1
73 207 1
73 492 1
73 504 2
73 526 2
73 592 1
73 631 1
73 644 1
73 674 3
73 677 1
73 756 1
73 800 1
73 811 2
73 853 1
73 854 1
73 867 1
73 897 1
73 1036 1
73 1123 1
73 1130 1
73 1210 2
73 1212 1
73 1310 1
73 1421 1
73 1424 1
73 1472 1
73 1613 1
73 1648 2
73 1651 1
73 1758 1
73 1801 1
73 1843 1
73 1876 1
73 1959 1
73 1960 3
73 2018 2
73 2110 1
73 2321 1
73 2324 1
73 2414 1
73 2430 3
73 2491 1
73 2538 3
73 2539 1
73 2543 2
73 2546 1
73 2555 1
73 2582 1
73 2658 1
73 2698 1
73 2735 1
73 2740 1
73 2780 1
73 2886 1
73 2893 1
73 2978 1
73 2984 2
73 3006 1
73 3074 1
73 3192 1
73 3280 1
73 3291 1
74 34 1
74 187 1
74 188 1
74 214 1
74 217 1
74 239 1
74 324 1
74 349 1
74 437 1
74 452 1
74 463 4
74 556 1
74 579 1
74 609 1
74 630 1
74 754 1
74 767 1
74 820 1
74 821 1
74 1016 7
74 1125 1
74 1130 5
74 1171 1
74 1381 1
74 1398 5
74 1399 1
74 1422 1
74 1504 1
74 1569 1
74 1576 1
74 1901 1
74 1911 1
74 1947 1
74 1960 2
74 1976 1
74 1991 1
74 1996 1
74 2066 1
74 2156 1
74 2165 1
74 2202 1
74 2484 1
74 2486 1
74 2546 1
74 2586 1
74 2666 1
74 2667 1
74 2900 1
74 2933 1
74 3008 1
74 3013 1
74 3074 1
74 3085 1
74 3159 2
75 26 2
75 32 1
75 218 2
75 227 1
75 425 2
75 476 1
75 537 1
75 905 1
75 1024 1
75 1082 1
75 1158 1
75 1174 1
75 1219 1
75 1329 1
75 1495 1
75 1627 1
75 1665 2
75 1808 1
75 1936 2
75 1962 1
75 1985 1
75 2013 1
75 2019 1
75 2134 1
75 2175 1
75 2266 2
75 2293 1
75 2412 1
75 2671 1
75 2766 1
75 2834 1
75 2977 1
75 2984 1
75 3006 1
75 3074 1
75 3090 1
75 3137 1
75 3212 1
75 3248 1
75 3293 2
76 82 1
76 162 1
76 255 1
76 310 1
76 577 1
76 772 1
76 811 1
76 1041 1
76 1130 2
76 1187 1
76 1459 1
76 1771 1
76 1960 1
76 2072 1
76 2102 1
76 2134 1
76 2152 1
76 2154 1
76 2234 1
76 2450 1
76 2466 1
76 2565 1
76 2572 1
76 2611 1
76 2681 1
76 2706 1
76 2824 1
76 2867 1
76 2912 1
76 3191 1
76 3214 1
77 107 1
77 162 1
77 183 1
77 210 1
77 234 1
77 314 1
77 322 1
77 347 1
77 423 1
77 464 1
77 476 1
77 477 1
77 560 1
77 592 1
77 812 1
77 861 1
77 891 1
77 960 1
77 982 1
77 1005 1
77 1083 1
77 1156 1
77 1159 1
77 1170 1
77 1232 1
77 1237 1
77 1339 1
77 1473 1
77 1476 1
77 1576 2
77 1676 1
77 1696 1
77 1798 1
77 1902 1
77 1936 1
77 1960 2
77 1973 1
77 2005 1
77 2037 1
77 2038 1
77 2054 1
77 2125 1
77 2221 1
77 2332 1
77 2557 1
77 2695 2
77 2775 3
77 2831 1
77 2834 1
77 2857 1
77 2923 1
77 2957 1
77 2997 1
77 2998 2
77 3013 1
77 3115 2
77 3163 1
77 3279 1
77 3287 1
78 31 1
78 170 1
78 195 1
78 243 1
78 459 1
78 480 1
78 635 2
78 728 1
78 792 1
78 812 1
78 861 1
78 866 1
78 896 1
78 907 1
78 1130 1
78 1132 1
78 1138 1
78 1278 1
78 1303 1
78 1357 1
78 1795 1
78 1911 1
78 1960 3
78 1962 2
78 2094 1
78 2376 1
78 2396 1
78 2437 1
78 2438 1
78 2449 1
78 2456 1
78 2578 1
78 2579 1
78 2740 2
78 2741 1
78 2823 2
78 2858 1
78 3181 2
78 3215 1
78 3303 1
79 13 1
79 102 1
79 265 1
79 285 2
79 318 1
79 325 1
79 348 1
79 394 1
79 404 1
79 484 1
79 524 1
79 623 2
79 648 1
79 649 1
79 752 1
79 927 1
79 928 1
79 1049 1
79 1056 2
79 1172 1
79 1173 1
79 1417 1
79 1447 1
79 1561 1
79 1660 1
79 1732 1
79 1752 1
79 1754 1
79 1846 1
79 1860 2
79 1866 1
79 1978 2
79 2062 1
79 2083 1
79 2106 1
79 2119 1
79 2134 4
79 2137 1
79 2138 1
79 2151 1
79 2152 1
79 2262 1
79 2270 1
79 2329 1
79 2424 6
79 2425 1
79 2426 1
79 2444 1
79 2446 1
79 2452 1
79 2463 1
79 2475 1
79 2529 1
79 2663 1
79 2723 1
79 2845 1
79 2873 1
79 2955 1
79 2959 2
79 3048 1
79 3285 2
80 126 1
80 132 1
80 160 1
80 327 1
80 396 1
80 397 1
80 417 1
80 421 2
80 422 1
80 458 1
80 516 1
80 523 1
80 670 1
80 867 1
80 978 1
80 1046 1
80 1130 3
80 1202 1
80 1234 1
80 1410 2
80 1460 1
80 1530 1
80 1572 1
80 1891 1
80 1936 2
80 1949 1
80 2125 1
80 2126 2
80 2134 2
80 2142 1
80 2220 1
80 2290 1
80 2342 2
80 2362 2
80 2436 2
80 2467 1
80 2471 2
80 2626 1
80 2790 1
80 2879 1
80 3044 1
80 3045 1
80 3171 1
80 3214 1
80 3286 2
81 95 1
81 218 2
81 410 1
81 423 1
81 456 1
81 650 1
81 785 1
81 897 1
81 898 1
81 926 1
81 946 1
81 1108 1
81 1136 1
81 1159 2
81 1185 1
81 1286 2
81 1394 1
81 1465 1
81 1602 1
81 1643 1
81 1713 1
81 1936 2
81 1960 1
81 2208 1
81 2237 1
81 2238 1
81 2274 1
81 2287 1
81 2288 1
81 2436 1
81 2440 1
81 2613 2
81 2740 1
81 2741 1
81 2839 1
81 2868 1
81 2943 1
81 3181 2
81 3290 1
82 117 1
82 129 1
82 144 1
82 212 1
82 218 2
82 244 1
82 332 1
82 413 1
82 513 1
82 528 1
82 956 1
82 970 1
82 1012 1
82 1080 1
82 1111 1
82 1215 1
82 1238 1
82 1365 1
82 1538 1
82 1672 1
82 1732 1
82 1753 1
82 1765 1
82 1844 1
82 1960 5
82 1962 1
82 2157 1
82 2187 1
82 2220 1
82 2429 1
82 2481 1
82 2542 1
82 2589 1
82 2598 1
82 2656 1
82 2667 1
82 2862 1
82 2968 1
82 2988 1
82 3124 1
82 3215 1
82 3287 4
82 3288 2
83 223 1
83 415 1
83 861 1
83 867 1
83 1015 1
83 1130 2
83 1219 1
83 1223 1
83 1386 1
83 1417 1
83 1422 1
83 1555 1
83 1723 1
83 1778 1
83 1788 6
83 2074 2
83 2118 2
83 2139 1
83 2439 1
83 2597 1
83 2638 1
83 3008 1
83 3133 1
83 3176 1
83 3288 1
84 30 1
84 105 1
84 134 1
84 136 1
84 218 1
84 246 1
84 324 1
84 517 1
84 555 1
84 584 1
84 827 1
84 838 1
84 901 1
84 907 1
84 971 1
84 998 1
84 1232 1
84 1265 1
84 1272 1
84 1395 1
84 1769 1
84 1911 1
84 1960 6
84 2200 1
84 2207 1
84 2213 1
84 2236 1
84 2298 1
84 2376 1
84 2504 1
84 2505 1
84 2653 1
84 2706 1
84 2809 1
84 2831 1
84 2837 1
84 2968 1
84 2996 1
84 3096 1
84 3188 1
84 3214 1
85 25 1
85 159 1
85 175 1
85 218 1
85 249 1
85 350 1
85 398 1
85 422 1
85 442 1
85 450 1
85 463 1
85 464 1
85 487 1
85 517 1
85 578 1
85 867 1
85 889 1
85 892 1
85 922 1
85 1080 2
85 1119 1
85 1204 1
85 1260 1
85 1272 1
85 1291 1
85 1353 1
85 1378 1
85 1431 1
85 1579 1
85 1589 1
85 1600 1
85 1684 1
85 1701 1
85 1728 1
85 1757 1
85 1759 1
85 1773 1
85 1880 1
85 1896 2
85 1927 1
85 1960 2
85 2157 1
85 2162 1
85 2186 1
85 2227 1
85 2261 1
85 2281 1
85 2338 1
85 2561 1
85 2603 1
85 2703 1
85 2739 1
85 2855 1
85 2931 1
85 2940 2
85 2947 1
85 2985 1
85 2987 1
85 2998 1
85 3006 2
85 3081 2
85 3099 1
85 3163 1
85 3214 1
85 3259 1
85 3260 1
85 3297 1
85 3308 1
86 9 1
86 14 1
86 31 1
86 62 1
86 120 1
86 128 1
86 139 1
86 180 1
86 188 1
86 238 1
86 250 1
86 271 1
86 293 1
86 435 1
86 436 1
86 478 1
86 607 1
86 618 1
86 654 1
86 745 1
86 788 1
86 805 1
86 819 1
86 827 1
86 843 2
86 887 1
86 926 1
86 951 2
86 961 1
86 985 1
86 1095 1
86 1147 1
86 1159 1
86 1163 1
86 1164 1
86 1357 1
86 1478 1
86 1681 1
86 1753 1
86 1773 1
86 1791 2
86 1901 1
86 1925 1
86 1960 6
86 2097 1
86 2101 1
86 2134 1
86 2203 1
86 2221 1
86 2231 1
86 2259 1
86 2339 1
86 2344 1
86 2350 2
86 2475 1
86 2501 1
86 2559 2
86 2560 1
86 2732 2
86 2740 2
86 2742 1
86 2894 1
86 2960 1
86 2962 1
86 3006 1
86 3037 1
86 3097 1
86 3239 1
86 3240 1
86 3248 2
86 3272 1
86 3273 1
86 3278 1
86 3304 1
87 25 1
87 31 1
87 32 1
87 86 1
87 130 1
87 228 1
87 236 1
87 493 1
87 644 1
87 689 1
87 824 1
87 875 1
87 1016 1
87 1100 1
87 1120 1
87 1130 1
87 1135 1
87 1183 1
87 1339 1
87 1346 1
87 1492 1
87 1506 1
87 1568 1
87 1573 1
87 1593 1
87 1800 1
87 1878 1
87 1921 1
87 1960 1
87 1991 1
87 2190 1
87 2205 1
87 2378 1
87 2575 1
87 2576 1
87 2717 1
87 2748 1
87 2800 1
87 2843 1
87 2878 1
87 2977 1
87 3006 1
87 3022 1
87 3029 1
87 3084 1
87 3261 1
87 3288 1
87 3308 1
88 26 1
88 31 1
88 40 1
88 48 1
88 79 1
88 151 1
88 195 1
88 218 3
88 241 1
88 290 2
88 303 1
88 356 1
88 378 1
88 406 1
88 411 1
88 461 2
88 462 1
88 487 1
88 567 1
88 593 1
88 639 1
88 650 1
88 657 1
88 747 1
88 805 1
88 827 1
88 831 1
88 906 1
88 926 1
88 933 1
88 996 1
88 1080 1
88 1107 1
88 1130 1
88 1219 1
88 1239 1
88 1284 1
88 1294 1
88 1357 2
88 1409 1
88 1413 1
88 1429 1
88 1455 1
88 1465 1
88 1469 1
88 1615 1
88 1717 1
88 1736 1
88 1743 1
88 1808 1
88 1911 1
88 1939 1
88 1960 6
88 1962 2
88 1976 1
88 2037 1
88 2308 1
88 2347 1
88 2374 1
88 2396 1
88 2466 1
88 2500 1
88 2559 1
88 2569 1
88 2575 1
88 2631 1
88 2657 1
88 2740 3
88 2755 1
88 2777 1
88 2809 1
88 2857 1
88 2879 1
88 2930 1
88 2988 2
88 2998 1
88 3074 1
88 3214 1
88 3215 1
88 3217 1
88 3285 1
88 3288 1
88 3303 1
88 3317 1
89 5 1
89 92 1
89 181 1
89 185 1
89 264 2
89 281 1
89 325 2
89 387 1
89 501 1
89 502 2
89 803 1
89 839 1
89 840 1
89 857 1
89 945 1
89 1248 1
89 1272 1
89 1288 1
89 1337 1
89 1360 1
89 1361 1
89 1705 1
89 1710 1
89 1874 1
89 1908 2
89 2234 1
89 2250 1
89 2251 1
89 2310 1
89 2356 1
89 2358 1
89 2359 1
89 2371 1
89 2376 1
89 2432 1
89 2517 1
89 2549 3
89 2565 1
89 2658 1
89 2675 1
89 2912 1
89 3066 1
89 3283 1
90 31 1
90 188 1
90 218 2
90 320 1
90 528 1
90 811 2
90 966 1
90 1219 4
90 1232 1
90 1277 1
90 1338 1
90 1442 1
90 1744 1
90 1770 1
90 1960 4
90 1962 1
90 2175 1
90 2198 1
90 2273 1
90 2475 2
90 2502 1
90 2558 1
90 2593 1
90 2690 1
90 2864 1
90 2879 1
90 3008 1
90 3210 1
91 118 1
91 147 1
91 182 1
91 206 1
91 213 1
91 491 1
91 509 1
91 556 1
91 845 1
91 1010 2
91 1085 1
91 1177 1
91 1234 1
91 1265 1
91 1296 2
91 1337 1
91 1362 1
91 1651 2
91 1712 1
91 1837 1
91 1873 1
91 1942 1
91 1946 1
91 1948 1
91 1960 3
91 2124 1
91 2222 1
91 2300 1
91 2309 1
91 2315 3
91 2461 1
91 2575 1
91 2647 1
91 2724 1
91 2758 1
91 2904 1
91 2982 1
91 3027 1
91 3175 1
91 3198 1
91 3214 1
91 3305 1
92 15 1
92 27 1
92 113 1
92 308 2
92 324 1
92 565 1
92 657 1
92 780 1
92 977 1
92 1002 1
92 1027 1
92 1036 1
92 1073 1
92 1130 2
92 1254 1
92 1449 1
92 1527 1
92 1545 1
92 1771 1
92 1960 2
92 1991 1
92 2012 1
92 2104 2
92 2123 1
92 2226 1
92 2364 1
92 2381 1
92 2566 1
92 2726 1
92 2992 1
92 3006 1
92 3100 2
92 3212 1
92 3248 1
92 3314 1
93 26 1
93 37 1
93 124 1
93 170 1
93 218 1
93 249 1
93 403 1
93 431 1
93 471 1
93 492 1
93 511 1
93 525 1
93 657 1
93 761 1
93 870 1
93 1130 2
93 1135 1
93 1179 1
93 1422 1
93 1601 1
93 1626 1
93 1676 2
93 1771 1
93 1893 1
93 1981 1
93 2142 1
93 2220 1
93 2483 1
93 2605 1
93 2774 1
93 2940 1
93 2941 1
93 2942 1
93 3082 1
93 3287 1
94 46 1
94 51 1
94 59 1
94 87 1
94 115 1
94 136 1
94 218 2
94 248 1
94 292 1
94 340 1
94 414 1
94 463 1
94 491 1
94 543 1
94 557 1
94 658 1
94 664 1
94 665 1
94 737 1
94 738 1
94 841 1
94 846 1
94 885 1
94 930 1
94 1014 1
94 1023 1
94 1044 1
94 1052 1
94 1057 1
94 1080 2
94 1094 1
94 1123 1
94 1130 2
94 1134 1
94 1135 1
94 1293 1
94 1324 1
94 1375 1
94 1402 1
94 1465 1
94 1492 2
94 1516 1
94 1558 1
94 1576 1
94 1588 1
94 1648 1
94 1651 1
94 1805 1
94 1951 1
94 1960 4
94 2009 1
94 2017 1
94 2142 1
94 2178 1
94 2191 1
94 2221 1
94 2240 1
94 2353 1
94 2466 1
94 2522 1
94 2559 1
94 2560 2
94 2605 1
94 2683 1
94 2727 1
94 2797 1
94 2838 1
94 2866 1
94 2887 1
94 2917 1
94 2920 1
94 2971 1
94 2977 1
94 3000 1
94 3098 1
94 3160 1
94 3163 1
94 3251 1
95 32 1
95 218 2
95 324 5
95 608 1
95 609 1
95 652 1
95 766 1
95 811 3
95 831 1
95 867 1
95 901 1
95 914 1
95 969 1
95 1130 5
95 1262 1
95 1347 1
95 2134 1
95 2270 1
95 3006 1
95 3029 2
95 3213 1
95 3215 1
95 3217 1
95 3288 1
95 3303 1
96 31 1
96 95 1
96 212 1
96 272 1
96 314 1
96 520 1
96 539 1
96 664 1
96 811 1
96 827 1
96 861 2
96 867 1
96 1141 1
96 1144 1
96 1303 1
96 1431 2
96 1485 1
96 1524 1
96 1659 1
96 1770 1
96 1777 1
96 1828 1
96 1912 1
96 1960 1
96 2103 1
96 2136 1
96 2143 1
96 2198 2
96 2201 1
96 2206 1
96 2218 1
96 2288 1
96 2624 1
96 2738 1
96 2903 1
96 2991 1
96 3026 1
96 3043 1
96 3061 2
96 3287 1
96 3298 1
96 3302 1
97 24 1
97 39 1
97 239 1
97 324 1
97 363 1
97 365 1
97 443 1
97 508 1
97 560 1
97 562 1
97 861 1
97 1130 1
97 1215 1
97 1219 1
97 1229 1
97 1264 1
97 1330 1
97 1364 1
97 1403 1
97 1442 1
97 1576 1
97 1771 1
97 2146 1
97 2198 1
97 2299 1
97 2361 1
97 2629 2
97 2989 1
97 3006 1
97 3188 1
97 3250 1
98 26 1
98 45 1
98 176 1
98 183 1
98 218 2
98 239 1
98 290 1
98 302 1
98 324 1
98 409 1
98 569 1
98 699 1
98 744 1
98 794 1
98 898 1
98 902 1
98 933 2
98 958 1
98 1070 1
98 1082 1
98 1106 1
98 1130 3
98 1135 1
98 1159 1
98 1194 1
98 1210 1
98 1219 1
98 1254 1
98 1280 1
98 1405 1
98 1437 1
98 1604 1
98 1652 1
98 1679 1
98 1771 1
98 1960 2
98 1962 2
98 2025 1
98 2052 1
98 2074 1
98 2134 1
98 2189 1
98 2234 1
98 2275 1
98 2321 1
98 2363 2
98 2378 2
98 2401 1
98 2560 1
98 2658 1
98 2688 1
98 2756 1
98 2758 2
98 2818 1
98 2834 2
98 2924 1
98 3006 1
98 3020 1
98 3142 1
98 3212 1
98 3225 1
98 3229 1
98 3239 1
98 3287 1
98 3288 1
98 3321 3
98 3322 2
99 49 1
99 75 1
99 76 3
99 83 1
99 101 1
99 409 1
99 594 1
99 734 1
99 784 1
99 791 1
99 829 1
99 867 1
99 1001 1
99 1053 2
99 1061 1
99 1130 3
99 1145 1
99 1299 1
99 1306 2
99 1307 2
99 1308 1
99 1309 1
99 1339 1
99 1368 1
99 1462 1
99 1463 1
99 1535 1
99 1606 1
99 1690 1
99 1737 1
99 1921 2
99 1963 1
99 2055 1
99 2090 1
99 2128 1
99 2151 1
99 2216 1
99 2224 1
99 2248 1
99 2271 1
99 2272 1
99 2293 1
99 2301 1
99 2318 3
99 2383 2
99 2423 2
99 2443 1
99 2447 1
99 2454 2
99 2486 1
99 2590 3
99 2632 3
99 2649 2
99 2663 1
99 2758 1
99 2833 2
99 2872 1
99 2936 1
99 2938 5
99 3013 1
99 3198 1
99 3285 1
100 218 1
100 409 1
100 640 1
100 749 1
100 970 1
100 1107 1
100 1717 1
100 1785 1
100 1960 3
100 1962 2
100 1967 1
100 2063 1
100 2088 1
100 2205 1
100 2256 1
100 2327 1
100 2467 1
100 2719 1
100 2964 1
100 3116 1
100 3159 1
100 3214 1
100 3217 1
100 3291 1
101 12 1
101 40 1
101 68 1
101 291 1
101 404 2
101 440 1
101 464 1
101 529 1
101 549 1
101 572 1
101 580 1
101 642 1
101 657 1
101 711 1
101 796 1
101 867 1
101 934 1
101 941 1
101 942 1
101 992 1
101 995 1
101 1067 1
101 1130 3
101 1148 2
101 1169 1
101 1197 1
101 1210 1
101 1253 1
101 1272 1
101 1302 1
101 1385 1
101 1406 1
101 1422 2
101 1430 1
101 1545 1
101 1557 1
101 1576 1
101 1746 1
101 1824 1
101 1842 1
101 1902 1
101 1928 2
101 1950 1
101 1956 1
101 1960 1
101 1962 1
101 1976 1
101 1993 1
101 2037 2
101 2040 1
101 2095 1
101 2115 1
101 2175 1
101 2198 2
101 2229 1
101 2247 1
101 2289 1
101 2334 2
101 2341 1
101 2451 1
101 2466 1
101 2475 1
101 2628 1
101 2633 1
101 2808 2
101 2819 1
101 2864 1
101 2904 2
101 2908 1
101 2910 1
101 2933 1
101 2947 1
101 3006 1
101 3013 1
101 3130 1
101 3170 1
101 3217 1
